00001
00017
00031
00101
00141
00381
00521
00781
00841
01391
01531
02471
02611
02941
04131
04401
04431
05401
06151
06451
07171
07565
07899
07901
07945
07955
07999
09999
10211
10601
10611
10901
11111
14999
15861
15951
17801
18007
19651
19701
20781
20811
21195
21251
21555
21571
21601
21661
21711
21901
23801
24003
24101
25003
25701
27501
28401
32301
33101
33211
34801
35301
35801
39195
39965
40003
40101
41325
41661
41925
42701
43501
44101
45007
45101
45151
45701
48007
52201
52301
52551
52701
54915
57007
58175
58701
62165
62175
62185
62295
62375
62395
62435
63355
64101
64701
64999
65101
66101
66201
66295
66401
66901
66999
68555
68601
68999
70007
70101
70111
71745
71775
72401
73301
74595
77999
79101
79255
79265
79885
79895
81235
81295
81701
82335
82501
82655
82675
82685
82815
82865
82967
83101
83825
83835
83855
85101
87007
88301
88615
88999
89201
89999
90501
90901
91501
91701
92007
92101
93187
93225
93277
93825
93899
93999
95225
95255
95295
95315
95325
95355
95365
95375
95615
95635
95645
95675
95999
96007
97335
97615
97625
97635
97645
97655
97665
97675
97685
97715
97765
97785
97815
97895
97925
98007
98995
99101
99131
99135
99195
99301
99555
99645
99655
99665
99871
